{
 "cells": [
  {
   "cell_type": "code",
   "execution_count": 1,
   "metadata": {},
   "outputs": [],
   "source": [
    "import pandas as pd\n",
    "import numpy as np\n",
    "import matplotlib.pyplot as plt"
   ]
  },
  {
   "cell_type": "markdown",
   "metadata": {},
   "source": [
    "### Paths"
   ]
  },
  {
   "cell_type": "code",
   "execution_count": 9,
   "metadata": {},
   "outputs": [],
   "source": [
    "main_path_energy ='../data_base/paths_energy/'\n",
    "main_path_total_energy = '../data_base/paths_totals/'\n",
    "main_path_turns = \"/home/sebastian/Desktop/\"\n",
    "\n",
    "energy_path11_pd = pd.read_csv(main_path_energy + 'feat_pathv11.csv')\n",
    "energy_path12_pd = pd.read_csv(main_path_energy + 'feat_pathv12-2.csv')\n",
    "energy_path13_pd = pd.read_csv(main_path_energy + 'feat_pathv13.csv')\n",
    "\n",
    "energy_path_list = [energy_path11_pd,energy_path12_pd,energy_path13_pd]\n",
    "complete_energy_pd = pd.concat(energy_path_list)\n",
    "\n",
    "total_path11_pd = pd.read_csv(main_path_total_energy + 'totalF_pathv11.csv')\n",
    "total_path12_pd = pd.read_csv(main_path_total_energy + 'totalF_pathv12-2.csv')\n",
    "total_path13_pd = pd.read_csv(main_path_total_energy + 'totalF_pathv13.csv')\n",
    "\n",
    "total_path_list = [total_path11_pd,total_path12_pd,total_path13_pd]\n",
    "complete_total_pd = pd.concat(total_path_list)\n",
    "\n",
    "#We are not going to use the 'turns' feature.\n",
    "turns_path11_pd = pd.read_csv(main_path_turns + 'distanceTurn_v11.csv')\n",
    "turns_path12_pd = pd.read_csv(main_path_turns + 'distanceTurn_v12.csv')\n",
    "turns_path13_pd = pd.read_csv(main_path_turns + 'distanceTurn_v13.csv')\n",
    "\n",
    "turns_list = [turns_path11_pd,turns_path12_pd,turns_path13_pd]"
   ]
  },
  {
   "cell_type": "code",
   "execution_count": 18,
   "metadata": {},
   "outputs": [
    {
     "name": "stdout",
     "output_type": "stream",
     "text": [
      "Initial shape path_v11, energy = (595, 14), total_energy = (192, 7)\n",
      "Initial shape path_v12, energy = (2335, 14), total_energy = (326, 7)\n",
      "Initial shape path_v13, energy = (178, 14), total_energy = (65, 7)\n",
      "....................,    total = (3108, 14),      total = (583, 7)\n"
     ]
    }
   ],
   "source": [
    "print(f'Initial shape path_v11, energy = {energy_path11_pd.shape}, total_energy = {total_path11_pd.shape}')\n",
    "print(f'Initial shape path_v12, energy = {energy_path12_pd.shape}, total_energy = {total_path12_pd.shape}')\n",
    "print(f'Initial shape path_v13, energy = {energy_path13_pd.shape}, total_energy = {total_path13_pd.shape}')\n",
    "print(f'....................,    total = {complete_energy_pd.shape},      total = {complete_total_pd.shape}')"
   ]
  },
  {
   "cell_type": "code",
   "execution_count": 21,
   "metadata": {},
   "outputs": [],
   "source": [
    "complete_energy_pd.reset_index(inplace=True)\n",
    "complete_total_pd.reset_index(inplace=True)"
   ]
  },
  {
   "cell_type": "markdown",
   "metadata": {},
   "source": [
    "### Data after some adjustment"
   ]
  },
  {
   "cell_type": "code",
   "execution_count": 22,
   "metadata": {},
   "outputs": [
    {
     "data": {
      "text/html": [
       "<div>\n",
       "<style scoped>\n",
       "    .dataframe tbody tr th:only-of-type {\n",
       "        vertical-align: middle;\n",
       "    }\n",
       "\n",
       "    .dataframe tbody tr th {\n",
       "        vertical-align: top;\n",
       "    }\n",
       "\n",
       "    .dataframe thead th {\n",
       "        text-align: right;\n",
       "    }\n",
       "</style>\n",
       "<table border=\"1\" class=\"dataframe\">\n",
       "  <thead>\n",
       "    <tr style=\"text-align: right;\">\n",
       "      <th></th>\n",
       "      <th>index</th>\n",
       "      <th>path_num</th>\n",
       "      <th>missing_points</th>\n",
       "      <th>teo_point_time</th>\n",
       "      <th>sim_drone_time</th>\n",
       "      <th>teo_point_dist</th>\n",
       "      <th>sim_point_dist</th>\n",
       "      <th>teo_Xdist</th>\n",
       "      <th>teo_Ydist</th>\n",
       "      <th>sim_Xdist</th>\n",
       "      <th>sim_Ydist</th>\n",
       "      <th>avg_error_target_dist</th>\n",
       "      <th>teo_point_vel</th>\n",
       "      <th>Energy</th>\n",
       "      <th>avg_energy</th>\n",
       "    </tr>\n",
       "  </thead>\n",
       "  <tbody>\n",
       "    <tr>\n",
       "      <th>0</th>\n",
       "      <td>0</td>\n",
       "      <td>1</td>\n",
       "      <td>3</td>\n",
       "      <td>190</td>\n",
       "      <td>188.400009</td>\n",
       "      <td>14.142136</td>\n",
       "      <td>13.897487</td>\n",
       "      <td>10.0</td>\n",
       "      <td>10.0</td>\n",
       "      <td>9.827389</td>\n",
       "      <td>9.825728</td>\n",
       "      <td>0.086939</td>\n",
       "      <td>0.074432</td>\n",
       "      <td>1.395822e+07</td>\n",
       "      <td>9.347115e+05</td>\n",
       "    </tr>\n",
       "    <tr>\n",
       "      <th>1</th>\n",
       "      <td>1</td>\n",
       "      <td>1</td>\n",
       "      <td>2</td>\n",
       "      <td>233</td>\n",
       "      <td>232.250000</td>\n",
       "      <td>12.727922</td>\n",
       "      <td>12.899505</td>\n",
       "      <td>9.0</td>\n",
       "      <td>9.0</td>\n",
       "      <td>9.113116</td>\n",
       "      <td>9.116838</td>\n",
       "      <td>0.064603</td>\n",
       "      <td>0.054626</td>\n",
       "      <td>1.734801e+07</td>\n",
       "      <td>1.073815e+06</td>\n",
       "    </tr>\n",
       "    <tr>\n",
       "      <th>2</th>\n",
       "      <td>2</td>\n",
       "      <td>2</td>\n",
       "      <td>3</td>\n",
       "      <td>248</td>\n",
       "      <td>258.149994</td>\n",
       "      <td>23.323808</td>\n",
       "      <td>26.085592</td>\n",
       "      <td>20.0</td>\n",
       "      <td>12.0</td>\n",
       "      <td>21.910483</td>\n",
       "      <td>14.002723</td>\n",
       "      <td>0.095716</td>\n",
       "      <td>0.094048</td>\n",
       "      <td>1.747070e+07</td>\n",
       "      <td>1.094058e+06</td>\n",
       "    </tr>\n",
       "    <tr>\n",
       "      <th>3</th>\n",
       "      <td>3</td>\n",
       "      <td>2</td>\n",
       "      <td>2</td>\n",
       "      <td>157</td>\n",
       "      <td>155.999969</td>\n",
       "      <td>8.000000</td>\n",
       "      <td>8.347981</td>\n",
       "      <td>0.0</td>\n",
       "      <td>8.0</td>\n",
       "      <td>1.022886</td>\n",
       "      <td>8.040361</td>\n",
       "      <td>0.065047</td>\n",
       "      <td>0.050955</td>\n",
       "      <td>6.942935e+06</td>\n",
       "      <td>5.826381e+05</td>\n",
       "    </tr>\n",
       "    <tr>\n",
       "      <th>4</th>\n",
       "      <td>4</td>\n",
       "      <td>2</td>\n",
       "      <td>1</td>\n",
       "      <td>236</td>\n",
       "      <td>235.700043</td>\n",
       "      <td>19.235384</td>\n",
       "      <td>19.229592</td>\n",
       "      <td>3.0</td>\n",
       "      <td>19.0</td>\n",
       "      <td>2.982061</td>\n",
       "      <td>18.982881</td>\n",
       "      <td>0.098091</td>\n",
       "      <td>0.081506</td>\n",
       "      <td>1.269154e+07</td>\n",
       "      <td>8.799998e+05</td>\n",
       "    </tr>\n",
       "  </tbody>\n",
       "</table>\n",
       "</div>"
      ],
      "text/plain": [
       "   index  path_num  missing_points  teo_point_time  sim_drone_time  \\\n",
       "0      0         1               3             190      188.400009   \n",
       "1      1         1               2             233      232.250000   \n",
       "2      2         2               3             248      258.149994   \n",
       "3      3         2               2             157      155.999969   \n",
       "4      4         2               1             236      235.700043   \n",
       "\n",
       "   teo_point_dist  sim_point_dist  teo_Xdist  teo_Ydist  sim_Xdist  sim_Ydist  \\\n",
       "0       14.142136       13.897487       10.0       10.0   9.827389   9.825728   \n",
       "1       12.727922       12.899505        9.0        9.0   9.113116   9.116838   \n",
       "2       23.323808       26.085592       20.0       12.0  21.910483  14.002723   \n",
       "3        8.000000        8.347981        0.0        8.0   1.022886   8.040361   \n",
       "4       19.235384       19.229592        3.0       19.0   2.982061  18.982881   \n",
       "\n",
       "   avg_error_target_dist  teo_point_vel        Energy    avg_energy  \n",
       "0               0.086939       0.074432  1.395822e+07  9.347115e+05  \n",
       "1               0.064603       0.054626  1.734801e+07  1.073815e+06  \n",
       "2               0.095716       0.094048  1.747070e+07  1.094058e+06  \n",
       "3               0.065047       0.050955  6.942935e+06  5.826381e+05  \n",
       "4               0.098091       0.081506  1.269154e+07  8.799998e+05  "
      ]
     },
     "execution_count": 22,
     "metadata": {},
     "output_type": "execute_result"
    }
   ],
   "source": [
    "complete_energy_pd.head()"
   ]
  },
  {
   "cell_type": "code",
   "execution_count": 26,
   "metadata": {},
   "outputs": [
    {
     "name": "stdout",
     "output_type": "stream",
     "text": [
      "new shape of complete_energy_pd = (2576, 15)\n"
     ]
    }
   ],
   "source": [
    "eps = 5\n",
    "complete_energy_pd = complete_energy_pd[(complete_energy_pd['sim_point_dist']-complete_energy_pd['teo_point_dist']) < eps]\n",
    "print(f'new shape of complete_energy_pd = {complete_energy_pd.shape}')"
   ]
  },
  {
   "cell_type": "markdown",
   "metadata": {},
   "source": [
    "### Correlation analysis"
   ]
  },
  {
   "cell_type": "markdown",
   "metadata": {},
   "source": [
    "#### discret_energy_analysis - All data"
   ]
  },
  {
   "cell_type": "code",
   "execution_count": 28,
   "metadata": {},
   "outputs": [
    {
     "data": {
      "text/html": [
       "<div>\n",
       "<style scoped>\n",
       "    .dataframe tbody tr th:only-of-type {\n",
       "        vertical-align: middle;\n",
       "    }\n",
       "\n",
       "    .dataframe tbody tr th {\n",
       "        vertical-align: top;\n",
       "    }\n",
       "\n",
       "    .dataframe thead th {\n",
       "        text-align: right;\n",
       "    }\n",
       "</style>\n",
       "<table border=\"1\" class=\"dataframe\">\n",
       "  <thead>\n",
       "    <tr style=\"text-align: right;\">\n",
       "      <th></th>\n",
       "      <th>teo_point_time</th>\n",
       "      <th>teo_point_dist</th>\n",
       "      <th>teo_Xdist</th>\n",
       "      <th>teo_Ydist</th>\n",
       "      <th>teo_point_vel</th>\n",
       "      <th>Energy</th>\n",
       "      <th>avg_energy</th>\n",
       "    </tr>\n",
       "  </thead>\n",
       "  <tbody>\n",
       "    <tr>\n",
       "      <th>teo_point_time</th>\n",
       "      <td>1.000000</td>\n",
       "      <td>0.417232</td>\n",
       "      <td>0.293860</td>\n",
       "      <td>0.349523</td>\n",
       "      <td>-0.049526</td>\n",
       "      <td>0.786734</td>\n",
       "      <td>0.821254</td>\n",
       "    </tr>\n",
       "    <tr>\n",
       "      <th>teo_point_dist</th>\n",
       "      <td>0.417232</td>\n",
       "      <td>1.000000</td>\n",
       "      <td>0.786525</td>\n",
       "      <td>0.794041</td>\n",
       "      <td>0.827247</td>\n",
       "      <td>0.418994</td>\n",
       "      <td>0.452326</td>\n",
       "    </tr>\n",
       "    <tr>\n",
       "      <th>teo_Xdist</th>\n",
       "      <td>0.293860</td>\n",
       "      <td>0.786525</td>\n",
       "      <td>1.000000</td>\n",
       "      <td>0.294862</td>\n",
       "      <td>0.684392</td>\n",
       "      <td>0.302400</td>\n",
       "      <td>0.327044</td>\n",
       "    </tr>\n",
       "    <tr>\n",
       "      <th>teo_Ydist</th>\n",
       "      <td>0.349523</td>\n",
       "      <td>0.794041</td>\n",
       "      <td>0.294862</td>\n",
       "      <td>1.000000</td>\n",
       "      <td>0.634007</td>\n",
       "      <td>0.355380</td>\n",
       "      <td>0.380246</td>\n",
       "    </tr>\n",
       "    <tr>\n",
       "      <th>teo_point_vel</th>\n",
       "      <td>-0.049526</td>\n",
       "      <td>0.827247</td>\n",
       "      <td>0.684392</td>\n",
       "      <td>0.634007</td>\n",
       "      <td>1.000000</td>\n",
       "      <td>0.038615</td>\n",
       "      <td>0.061404</td>\n",
       "    </tr>\n",
       "    <tr>\n",
       "      <th>Energy</th>\n",
       "      <td>0.786734</td>\n",
       "      <td>0.418994</td>\n",
       "      <td>0.302400</td>\n",
       "      <td>0.355380</td>\n",
       "      <td>0.038615</td>\n",
       "      <td>1.000000</td>\n",
       "      <td>0.986245</td>\n",
       "    </tr>\n",
       "    <tr>\n",
       "      <th>avg_energy</th>\n",
       "      <td>0.821254</td>\n",
       "      <td>0.452326</td>\n",
       "      <td>0.327044</td>\n",
       "      <td>0.380246</td>\n",
       "      <td>0.061404</td>\n",
       "      <td>0.986245</td>\n",
       "      <td>1.000000</td>\n",
       "    </tr>\n",
       "  </tbody>\n",
       "</table>\n",
       "</div>"
      ],
      "text/plain": [
       "                teo_point_time  teo_point_dist  teo_Xdist  teo_Ydist  \\\n",
       "teo_point_time        1.000000        0.417232   0.293860   0.349523   \n",
       "teo_point_dist        0.417232        1.000000   0.786525   0.794041   \n",
       "teo_Xdist             0.293860        0.786525   1.000000   0.294862   \n",
       "teo_Ydist             0.349523        0.794041   0.294862   1.000000   \n",
       "teo_point_vel        -0.049526        0.827247   0.684392   0.634007   \n",
       "Energy                0.786734        0.418994   0.302400   0.355380   \n",
       "avg_energy            0.821254        0.452326   0.327044   0.380246   \n",
       "\n",
       "                teo_point_vel    Energy  avg_energy  \n",
       "teo_point_time      -0.049526  0.786734    0.821254  \n",
       "teo_point_dist       0.827247  0.418994    0.452326  \n",
       "teo_Xdist            0.684392  0.302400    0.327044  \n",
       "teo_Ydist            0.634007  0.355380    0.380246  \n",
       "teo_point_vel        1.000000  0.038615    0.061404  \n",
       "Energy               0.038615  1.000000    0.986245  \n",
       "avg_energy           0.061404  0.986245    1.000000  "
      ]
     },
     "execution_count": 28,
     "metadata": {},
     "output_type": "execute_result"
    }
   ],
   "source": [
    "complete_energy_analysis = complete_energy_pd.drop(columns=[\"index\",\"missing_points\",\"path_num\",\"sim_drone_time\",\"sim_point_dist\",\"sim_Xdist\",\"sim_Ydist\",\"avg_error_target_dist\"],axis=1)\n",
    "complete_energy_analysis.corr()"
   ]
  },
  {
   "cell_type": "markdown",
   "metadata": {},
   "source": [
    "#### Discrete energy analysis - path v11"
   ]
  },
  {
   "cell_type": "code",
   "execution_count": 32,
   "metadata": {},
   "outputs": [
    {
     "data": {
      "text/html": [
       "<div>\n",
       "<style scoped>\n",
       "    .dataframe tbody tr th:only-of-type {\n",
       "        vertical-align: middle;\n",
       "    }\n",
       "\n",
       "    .dataframe tbody tr th {\n",
       "        vertical-align: top;\n",
       "    }\n",
       "\n",
       "    .dataframe thead th {\n",
       "        text-align: right;\n",
       "    }\n",
       "</style>\n",
       "<table border=\"1\" class=\"dataframe\">\n",
       "  <thead>\n",
       "    <tr style=\"text-align: right;\">\n",
       "      <th></th>\n",
       "      <th>teo_point_time</th>\n",
       "      <th>teo_point_dist</th>\n",
       "      <th>teo_Xdist</th>\n",
       "      <th>teo_Ydist</th>\n",
       "      <th>teo_point_vel</th>\n",
       "      <th>Energy</th>\n",
       "      <th>avg_energy</th>\n",
       "    </tr>\n",
       "  </thead>\n",
       "  <tbody>\n",
       "    <tr>\n",
       "      <th>teo_point_time</th>\n",
       "      <td>1.000000</td>\n",
       "      <td>-0.007832</td>\n",
       "      <td>-0.001727</td>\n",
       "      <td>-0.000088</td>\n",
       "      <td>-0.415365</td>\n",
       "      <td>0.580405</td>\n",
       "      <td>0.618609</td>\n",
       "    </tr>\n",
       "    <tr>\n",
       "      <th>teo_point_dist</th>\n",
       "      <td>-0.007832</td>\n",
       "      <td>1.000000</td>\n",
       "      <td>0.736444</td>\n",
       "      <td>0.759639</td>\n",
       "      <td>0.876602</td>\n",
       "      <td>0.106441</td>\n",
       "      <td>0.122168</td>\n",
       "    </tr>\n",
       "    <tr>\n",
       "      <th>teo_Xdist</th>\n",
       "      <td>-0.001727</td>\n",
       "      <td>0.736444</td>\n",
       "      <td>1.000000</td>\n",
       "      <td>0.172452</td>\n",
       "      <td>0.651941</td>\n",
       "      <td>0.081900</td>\n",
       "      <td>0.090602</td>\n",
       "    </tr>\n",
       "    <tr>\n",
       "      <th>teo_Ydist</th>\n",
       "      <td>-0.000088</td>\n",
       "      <td>0.759639</td>\n",
       "      <td>0.172452</td>\n",
       "      <td>1.000000</td>\n",
       "      <td>0.657315</td>\n",
       "      <td>0.097260</td>\n",
       "      <td>0.112769</td>\n",
       "    </tr>\n",
       "    <tr>\n",
       "      <th>teo_point_vel</th>\n",
       "      <td>-0.415365</td>\n",
       "      <td>0.876602</td>\n",
       "      <td>0.651941</td>\n",
       "      <td>0.657315</td>\n",
       "      <td>1.000000</td>\n",
       "      <td>-0.152056</td>\n",
       "      <td>-0.155058</td>\n",
       "    </tr>\n",
       "    <tr>\n",
       "      <th>Energy</th>\n",
       "      <td>0.580405</td>\n",
       "      <td>0.106441</td>\n",
       "      <td>0.081900</td>\n",
       "      <td>0.097260</td>\n",
       "      <td>-0.152056</td>\n",
       "      <td>1.000000</td>\n",
       "      <td>0.993197</td>\n",
       "    </tr>\n",
       "    <tr>\n",
       "      <th>avg_energy</th>\n",
       "      <td>0.618609</td>\n",
       "      <td>0.122168</td>\n",
       "      <td>0.090602</td>\n",
       "      <td>0.112769</td>\n",
       "      <td>-0.155058</td>\n",
       "      <td>0.993197</td>\n",
       "      <td>1.000000</td>\n",
       "    </tr>\n",
       "  </tbody>\n",
       "</table>\n",
       "</div>"
      ],
      "text/plain": [
       "                teo_point_time  teo_point_dist  teo_Xdist  teo_Ydist  \\\n",
       "teo_point_time        1.000000       -0.007832  -0.001727  -0.000088   \n",
       "teo_point_dist       -0.007832        1.000000   0.736444   0.759639   \n",
       "teo_Xdist            -0.001727        0.736444   1.000000   0.172452   \n",
       "teo_Ydist            -0.000088        0.759639   0.172452   1.000000   \n",
       "teo_point_vel        -0.415365        0.876602   0.651941   0.657315   \n",
       "Energy                0.580405        0.106441   0.081900   0.097260   \n",
       "avg_energy            0.618609        0.122168   0.090602   0.112769   \n",
       "\n",
       "                teo_point_vel    Energy  avg_energy  \n",
       "teo_point_time      -0.415365  0.580405    0.618609  \n",
       "teo_point_dist       0.876602  0.106441    0.122168  \n",
       "teo_Xdist            0.651941  0.081900    0.090602  \n",
       "teo_Ydist            0.657315  0.097260    0.112769  \n",
       "teo_point_vel        1.000000 -0.152056   -0.155058  \n",
       "Energy              -0.152056  1.000000    0.993197  \n",
       "avg_energy          -0.155058  0.993197    1.000000  "
      ]
     },
     "execution_count": 32,
     "metadata": {},
     "output_type": "execute_result"
    }
   ],
   "source": [
    "energy_path11_analysis = energy_path11_pd.drop(columns=[\"missing_points\",\"path_num\",\"sim_drone_time\",\"sim_point_dist\",\"sim_Xdist\",\"sim_Ydist\",\"avg_error_target_dist\"],axis=1)\n",
    "energy_path11_analysis.corr()"
   ]
  },
  {
   "cell_type": "code",
   "execution_count": 38,
   "metadata": {},
   "outputs": [
    {
     "data": {
      "text/html": [
       "<div>\n",
       "<style scoped>\n",
       "    .dataframe tbody tr th:only-of-type {\n",
       "        vertical-align: middle;\n",
       "    }\n",
       "\n",
       "    .dataframe tbody tr th {\n",
       "        vertical-align: top;\n",
       "    }\n",
       "\n",
       "    .dataframe thead th {\n",
       "        text-align: right;\n",
       "    }\n",
       "</style>\n",
       "<table border=\"1\" class=\"dataframe\">\n",
       "  <thead>\n",
       "    <tr style=\"text-align: right;\">\n",
       "      <th></th>\n",
       "      <th>teo_point_time</th>\n",
       "      <th>teo_point_dist</th>\n",
       "      <th>teo_Xdist</th>\n",
       "      <th>teo_Ydist</th>\n",
       "      <th>teo_point_vel</th>\n",
       "      <th>Energy</th>\n",
       "      <th>avg_energy</th>\n",
       "    </tr>\n",
       "  </thead>\n",
       "  <tbody>\n",
       "    <tr>\n",
       "      <th>teo_point_time</th>\n",
       "      <td>1.000000</td>\n",
       "      <td>-0.024612</td>\n",
       "      <td>-0.043691</td>\n",
       "      <td>0.015328</td>\n",
       "      <td>-0.404160</td>\n",
       "      <td>0.582497</td>\n",
       "      <td>0.627835</td>\n",
       "    </tr>\n",
       "    <tr>\n",
       "      <th>teo_point_dist</th>\n",
       "      <td>-0.024612</td>\n",
       "      <td>1.000000</td>\n",
       "      <td>0.713956</td>\n",
       "      <td>0.751460</td>\n",
       "      <td>0.890462</td>\n",
       "      <td>0.101830</td>\n",
       "      <td>0.109022</td>\n",
       "    </tr>\n",
       "    <tr>\n",
       "      <th>teo_Xdist</th>\n",
       "      <td>-0.043691</td>\n",
       "      <td>0.713956</td>\n",
       "      <td>1.000000</td>\n",
       "      <td>0.130464</td>\n",
       "      <td>0.660920</td>\n",
       "      <td>0.066679</td>\n",
       "      <td>0.066407</td>\n",
       "    </tr>\n",
       "    <tr>\n",
       "      <th>teo_Ydist</th>\n",
       "      <td>0.015328</td>\n",
       "      <td>0.751460</td>\n",
       "      <td>0.130464</td>\n",
       "      <td>1.000000</td>\n",
       "      <td>0.643685</td>\n",
       "      <td>0.107651</td>\n",
       "      <td>0.117928</td>\n",
       "    </tr>\n",
       "    <tr>\n",
       "      <th>teo_point_vel</th>\n",
       "      <td>-0.404160</td>\n",
       "      <td>0.890462</td>\n",
       "      <td>0.660920</td>\n",
       "      <td>0.643685</td>\n",
       "      <td>1.000000</td>\n",
       "      <td>-0.145541</td>\n",
       "      <td>-0.156638</td>\n",
       "    </tr>\n",
       "    <tr>\n",
       "      <th>Energy</th>\n",
       "      <td>0.582497</td>\n",
       "      <td>0.101830</td>\n",
       "      <td>0.066679</td>\n",
       "      <td>0.107651</td>\n",
       "      <td>-0.145541</td>\n",
       "      <td>1.000000</td>\n",
       "      <td>0.993119</td>\n",
       "    </tr>\n",
       "    <tr>\n",
       "      <th>avg_energy</th>\n",
       "      <td>0.627835</td>\n",
       "      <td>0.109022</td>\n",
       "      <td>0.066407</td>\n",
       "      <td>0.117928</td>\n",
       "      <td>-0.156638</td>\n",
       "      <td>0.993119</td>\n",
       "      <td>1.000000</td>\n",
       "    </tr>\n",
       "  </tbody>\n",
       "</table>\n",
       "</div>"
      ],
      "text/plain": [
       "                teo_point_time  teo_point_dist  teo_Xdist  teo_Ydist  \\\n",
       "teo_point_time        1.000000       -0.024612  -0.043691   0.015328   \n",
       "teo_point_dist       -0.024612        1.000000   0.713956   0.751460   \n",
       "teo_Xdist            -0.043691        0.713956   1.000000   0.130464   \n",
       "teo_Ydist             0.015328        0.751460   0.130464   1.000000   \n",
       "teo_point_vel        -0.404160        0.890462   0.660920   0.643685   \n",
       "Energy                0.582497        0.101830   0.066679   0.107651   \n",
       "avg_energy            0.627835        0.109022   0.066407   0.117928   \n",
       "\n",
       "                teo_point_vel    Energy  avg_energy  \n",
       "teo_point_time      -0.404160  0.582497    0.627835  \n",
       "teo_point_dist       0.890462  0.101830    0.109022  \n",
       "teo_Xdist            0.660920  0.066679    0.066407  \n",
       "teo_Ydist            0.643685  0.107651    0.117928  \n",
       "teo_point_vel        1.000000 -0.145541   -0.156638  \n",
       "Energy              -0.145541  1.000000    0.993119  \n",
       "avg_energy          -0.156638  0.993119    1.000000  "
      ]
     },
     "execution_count": 38,
     "metadata": {},
     "output_type": "execute_result"
    }
   ],
   "source": [
    "energy_path11_analysis = energy_path11_pd[(energy_path11_pd['sim_point_dist']-energy_path11_pd['teo_point_dist']) < eps]\n",
    "energy_path11_analysis = energy_path11_analysis.drop(columns=[\"missing_points\",\"path_num\",\"sim_drone_time\",\"sim_point_dist\",\"sim_Xdist\",\"sim_Ydist\",\"avg_error_target_dist\"],axis=1)\n",
    "energy_path11_analysis.corr()"
   ]
  },
  {
   "cell_type": "markdown",
   "metadata": {},
   "source": [
    "#### Discrete energy analysis - path v12"
   ]
  },
  {
   "cell_type": "code",
   "execution_count": 33,
   "metadata": {},
   "outputs": [
    {
     "data": {
      "text/html": [
       "<div>\n",
       "<style scoped>\n",
       "    .dataframe tbody tr th:only-of-type {\n",
       "        vertical-align: middle;\n",
       "    }\n",
       "\n",
       "    .dataframe tbody tr th {\n",
       "        vertical-align: top;\n",
       "    }\n",
       "\n",
       "    .dataframe thead th {\n",
       "        text-align: right;\n",
       "    }\n",
       "</style>\n",
       "<table border=\"1\" class=\"dataframe\">\n",
       "  <thead>\n",
       "    <tr style=\"text-align: right;\">\n",
       "      <th></th>\n",
       "      <th>teo_point_time</th>\n",
       "      <th>teo_point_dist</th>\n",
       "      <th>teo_Xdist</th>\n",
       "      <th>teo_Ydist</th>\n",
       "      <th>teo_point_vel</th>\n",
       "      <th>Energy</th>\n",
       "      <th>avg_energy</th>\n",
       "    </tr>\n",
       "  </thead>\n",
       "  <tbody>\n",
       "    <tr>\n",
       "      <th>teo_point_time</th>\n",
       "      <td>1.000000</td>\n",
       "      <td>-0.050827</td>\n",
       "      <td>-0.035880</td>\n",
       "      <td>-0.057912</td>\n",
       "      <td>-0.205401</td>\n",
       "      <td>0.345701</td>\n",
       "      <td>0.352171</td>\n",
       "    </tr>\n",
       "    <tr>\n",
       "      <th>teo_point_dist</th>\n",
       "      <td>-0.050827</td>\n",
       "      <td>1.000000</td>\n",
       "      <td>0.787105</td>\n",
       "      <td>0.760381</td>\n",
       "      <td>0.982456</td>\n",
       "      <td>0.196232</td>\n",
       "      <td>0.231008</td>\n",
       "    </tr>\n",
       "    <tr>\n",
       "      <th>teo_Xdist</th>\n",
       "      <td>-0.035880</td>\n",
       "      <td>0.787105</td>\n",
       "      <td>1.000000</td>\n",
       "      <td>0.245324</td>\n",
       "      <td>0.772826</td>\n",
       "      <td>0.155429</td>\n",
       "      <td>0.183869</td>\n",
       "    </tr>\n",
       "    <tr>\n",
       "      <th>teo_Ydist</th>\n",
       "      <td>-0.057912</td>\n",
       "      <td>0.760381</td>\n",
       "      <td>0.245324</td>\n",
       "      <td>1.000000</td>\n",
       "      <td>0.752051</td>\n",
       "      <td>0.137811</td>\n",
       "      <td>0.164257</td>\n",
       "    </tr>\n",
       "    <tr>\n",
       "      <th>teo_point_vel</th>\n",
       "      <td>-0.205401</td>\n",
       "      <td>0.982456</td>\n",
       "      <td>0.772826</td>\n",
       "      <td>0.752051</td>\n",
       "      <td>1.000000</td>\n",
       "      <td>0.136907</td>\n",
       "      <td>0.171402</td>\n",
       "    </tr>\n",
       "    <tr>\n",
       "      <th>Energy</th>\n",
       "      <td>0.345701</td>\n",
       "      <td>0.196232</td>\n",
       "      <td>0.155429</td>\n",
       "      <td>0.137811</td>\n",
       "      <td>0.136907</td>\n",
       "      <td>1.000000</td>\n",
       "      <td>0.995283</td>\n",
       "    </tr>\n",
       "    <tr>\n",
       "      <th>avg_energy</th>\n",
       "      <td>0.352171</td>\n",
       "      <td>0.231008</td>\n",
       "      <td>0.183869</td>\n",
       "      <td>0.164257</td>\n",
       "      <td>0.171402</td>\n",
       "      <td>0.995283</td>\n",
       "      <td>1.000000</td>\n",
       "    </tr>\n",
       "  </tbody>\n",
       "</table>\n",
       "</div>"
      ],
      "text/plain": [
       "                teo_point_time  teo_point_dist  teo_Xdist  teo_Ydist  \\\n",
       "teo_point_time        1.000000       -0.050827  -0.035880  -0.057912   \n",
       "teo_point_dist       -0.050827        1.000000   0.787105   0.760381   \n",
       "teo_Xdist            -0.035880        0.787105   1.000000   0.245324   \n",
       "teo_Ydist            -0.057912        0.760381   0.245324   1.000000   \n",
       "teo_point_vel        -0.205401        0.982456   0.772826   0.752051   \n",
       "Energy                0.345701        0.196232   0.155429   0.137811   \n",
       "avg_energy            0.352171        0.231008   0.183869   0.164257   \n",
       "\n",
       "                teo_point_vel    Energy  avg_energy  \n",
       "teo_point_time      -0.205401  0.345701    0.352171  \n",
       "teo_point_dist       0.982456  0.196232    0.231008  \n",
       "teo_Xdist            0.772826  0.155429    0.183869  \n",
       "teo_Ydist            0.752051  0.137811    0.164257  \n",
       "teo_point_vel        1.000000  0.136907    0.171402  \n",
       "Energy               0.136907  1.000000    0.995283  \n",
       "avg_energy           0.171402  0.995283    1.000000  "
      ]
     },
     "execution_count": 33,
     "metadata": {},
     "output_type": "execute_result"
    }
   ],
   "source": [
    "energy_path12_analysis = energy_path12_pd.drop(columns=[\"missing_points\",\"path_num\",\"sim_drone_time\",\"sim_point_dist\",\"sim_Xdist\",\"sim_Ydist\",\"avg_error_target_dist\"],axis=1)\n",
    "energy_path12_analysis.corr()"
   ]
  },
  {
   "cell_type": "code",
   "execution_count": 37,
   "metadata": {},
   "outputs": [
    {
     "data": {
      "text/html": [
       "<div>\n",
       "<style scoped>\n",
       "    .dataframe tbody tr th:only-of-type {\n",
       "        vertical-align: middle;\n",
       "    }\n",
       "\n",
       "    .dataframe tbody tr th {\n",
       "        vertical-align: top;\n",
       "    }\n",
       "\n",
       "    .dataframe thead th {\n",
       "        text-align: right;\n",
       "    }\n",
       "</style>\n",
       "<table border=\"1\" class=\"dataframe\">\n",
       "  <thead>\n",
       "    <tr style=\"text-align: right;\">\n",
       "      <th></th>\n",
       "      <th>teo_point_time</th>\n",
       "      <th>teo_point_dist</th>\n",
       "      <th>teo_Xdist</th>\n",
       "      <th>teo_Ydist</th>\n",
       "      <th>teo_point_vel</th>\n",
       "      <th>Energy</th>\n",
       "      <th>avg_energy</th>\n",
       "    </tr>\n",
       "  </thead>\n",
       "  <tbody>\n",
       "    <tr>\n",
       "      <th>teo_point_time</th>\n",
       "      <td>1.000000</td>\n",
       "      <td>-0.025568</td>\n",
       "      <td>-0.018491</td>\n",
       "      <td>-0.028659</td>\n",
       "      <td>-0.179335</td>\n",
       "      <td>0.368550</td>\n",
       "      <td>0.378386</td>\n",
       "    </tr>\n",
       "    <tr>\n",
       "      <th>teo_point_dist</th>\n",
       "      <td>-0.025568</td>\n",
       "      <td>1.000000</td>\n",
       "      <td>0.776169</td>\n",
       "      <td>0.721703</td>\n",
       "      <td>0.982807</td>\n",
       "      <td>0.147685</td>\n",
       "      <td>0.179241</td>\n",
       "    </tr>\n",
       "    <tr>\n",
       "      <th>teo_Xdist</th>\n",
       "      <td>-0.018491</td>\n",
       "      <td>0.776169</td>\n",
       "      <td>1.000000</td>\n",
       "      <td>0.178044</td>\n",
       "      <td>0.763445</td>\n",
       "      <td>0.107266</td>\n",
       "      <td>0.132912</td>\n",
       "    </tr>\n",
       "    <tr>\n",
       "      <th>teo_Ydist</th>\n",
       "      <td>-0.028659</td>\n",
       "      <td>0.721703</td>\n",
       "      <td>0.178044</td>\n",
       "      <td>1.000000</td>\n",
       "      <td>0.711272</td>\n",
       "      <td>0.100559</td>\n",
       "      <td>0.122750</td>\n",
       "    </tr>\n",
       "    <tr>\n",
       "      <th>teo_point_vel</th>\n",
       "      <td>-0.179335</td>\n",
       "      <td>0.982807</td>\n",
       "      <td>0.763445</td>\n",
       "      <td>0.711272</td>\n",
       "      <td>1.000000</td>\n",
       "      <td>0.087626</td>\n",
       "      <td>0.118381</td>\n",
       "    </tr>\n",
       "    <tr>\n",
       "      <th>Energy</th>\n",
       "      <td>0.368550</td>\n",
       "      <td>0.147685</td>\n",
       "      <td>0.107266</td>\n",
       "      <td>0.100559</td>\n",
       "      <td>0.087626</td>\n",
       "      <td>1.000000</td>\n",
       "      <td>0.995401</td>\n",
       "    </tr>\n",
       "    <tr>\n",
       "      <th>avg_energy</th>\n",
       "      <td>0.378386</td>\n",
       "      <td>0.179241</td>\n",
       "      <td>0.132912</td>\n",
       "      <td>0.122750</td>\n",
       "      <td>0.118381</td>\n",
       "      <td>0.995401</td>\n",
       "      <td>1.000000</td>\n",
       "    </tr>\n",
       "  </tbody>\n",
       "</table>\n",
       "</div>"
      ],
      "text/plain": [
       "                teo_point_time  teo_point_dist  teo_Xdist  teo_Ydist  \\\n",
       "teo_point_time        1.000000       -0.025568  -0.018491  -0.028659   \n",
       "teo_point_dist       -0.025568        1.000000   0.776169   0.721703   \n",
       "teo_Xdist            -0.018491        0.776169   1.000000   0.178044   \n",
       "teo_Ydist            -0.028659        0.721703   0.178044   1.000000   \n",
       "teo_point_vel        -0.179335        0.982807   0.763445   0.711272   \n",
       "Energy                0.368550        0.147685   0.107266   0.100559   \n",
       "avg_energy            0.378386        0.179241   0.132912   0.122750   \n",
       "\n",
       "                teo_point_vel    Energy  avg_energy  \n",
       "teo_point_time      -0.179335  0.368550    0.378386  \n",
       "teo_point_dist       0.982807  0.147685    0.179241  \n",
       "teo_Xdist            0.763445  0.107266    0.132912  \n",
       "teo_Ydist            0.711272  0.100559    0.122750  \n",
       "teo_point_vel        1.000000  0.087626    0.118381  \n",
       "Energy               0.087626  1.000000    0.995401  \n",
       "avg_energy           0.118381  0.995401    1.000000  "
      ]
     },
     "execution_count": 37,
     "metadata": {},
     "output_type": "execute_result"
    }
   ],
   "source": [
    "energy_path12_analysis = energy_path12_pd[(energy_path12_pd['sim_point_dist']-energy_path12_pd['teo_point_dist']) < eps]\n",
    "energy_path12_analysis = energy_path12_analysis.drop(columns=[\"missing_points\",\"path_num\",\"sim_drone_time\",\"sim_point_dist\",\"sim_Xdist\",\"sim_Ydist\",\"avg_error_target_dist\"],axis=1)\n",
    "energy_path12_analysis.corr()"
   ]
  },
  {
   "cell_type": "markdown",
   "metadata": {},
   "source": [
    "#### Discrete energy analysis - path v13"
   ]
  },
  {
   "cell_type": "code",
   "execution_count": 41,
   "metadata": {},
   "outputs": [
    {
     "data": {
      "text/html": [
       "<div>\n",
       "<style scoped>\n",
       "    .dataframe tbody tr th:only-of-type {\n",
       "        vertical-align: middle;\n",
       "    }\n",
       "\n",
       "    .dataframe tbody tr th {\n",
       "        vertical-align: top;\n",
       "    }\n",
       "\n",
       "    .dataframe thead th {\n",
       "        text-align: right;\n",
       "    }\n",
       "</style>\n",
       "<table border=\"1\" class=\"dataframe\">\n",
       "  <thead>\n",
       "    <tr style=\"text-align: right;\">\n",
       "      <th></th>\n",
       "      <th>teo_point_time</th>\n",
       "      <th>teo_point_dist</th>\n",
       "      <th>teo_Xdist</th>\n",
       "      <th>teo_Ydist</th>\n",
       "      <th>teo_point_vel</th>\n",
       "      <th>Energy</th>\n",
       "      <th>avg_energy</th>\n",
       "    </tr>\n",
       "  </thead>\n",
       "  <tbody>\n",
       "    <tr>\n",
       "      <th>teo_point_time</th>\n",
       "      <td>1.000000</td>\n",
       "      <td>-0.003396</td>\n",
       "      <td>0.008151</td>\n",
       "      <td>0.007039</td>\n",
       "      <td>-0.590488</td>\n",
       "      <td>0.991186</td>\n",
       "      <td>0.994176</td>\n",
       "    </tr>\n",
       "    <tr>\n",
       "      <th>teo_point_dist</th>\n",
       "      <td>-0.003396</td>\n",
       "      <td>1.000000</td>\n",
       "      <td>0.744639</td>\n",
       "      <td>0.720527</td>\n",
       "      <td>0.686981</td>\n",
       "      <td>0.040676</td>\n",
       "      <td>0.041388</td>\n",
       "    </tr>\n",
       "    <tr>\n",
       "      <th>teo_Xdist</th>\n",
       "      <td>0.008151</td>\n",
       "      <td>0.744639</td>\n",
       "      <td>1.000000</td>\n",
       "      <td>0.118456</td>\n",
       "      <td>0.497075</td>\n",
       "      <td>0.037324</td>\n",
       "      <td>0.042108</td>\n",
       "    </tr>\n",
       "    <tr>\n",
       "      <th>teo_Ydist</th>\n",
       "      <td>0.007039</td>\n",
       "      <td>0.720527</td>\n",
       "      <td>0.118456</td>\n",
       "      <td>1.000000</td>\n",
       "      <td>0.499895</td>\n",
       "      <td>0.043617</td>\n",
       "      <td>0.038519</td>\n",
       "    </tr>\n",
       "    <tr>\n",
       "      <th>teo_point_vel</th>\n",
       "      <td>-0.590488</td>\n",
       "      <td>0.686981</td>\n",
       "      <td>0.497075</td>\n",
       "      <td>0.499895</td>\n",
       "      <td>1.000000</td>\n",
       "      <td>-0.540697</td>\n",
       "      <td>-0.561170</td>\n",
       "    </tr>\n",
       "    <tr>\n",
       "      <th>Energy</th>\n",
       "      <td>0.991186</td>\n",
       "      <td>0.040676</td>\n",
       "      <td>0.037324</td>\n",
       "      <td>0.043617</td>\n",
       "      <td>-0.540697</td>\n",
       "      <td>1.000000</td>\n",
       "      <td>0.995307</td>\n",
       "    </tr>\n",
       "    <tr>\n",
       "      <th>avg_energy</th>\n",
       "      <td>0.994176</td>\n",
       "      <td>0.041388</td>\n",
       "      <td>0.042108</td>\n",
       "      <td>0.038519</td>\n",
       "      <td>-0.561170</td>\n",
       "      <td>0.995307</td>\n",
       "      <td>1.000000</td>\n",
       "    </tr>\n",
       "  </tbody>\n",
       "</table>\n",
       "</div>"
      ],
      "text/plain": [
       "                teo_point_time  teo_point_dist  teo_Xdist  teo_Ydist  \\\n",
       "teo_point_time        1.000000       -0.003396   0.008151   0.007039   \n",
       "teo_point_dist       -0.003396        1.000000   0.744639   0.720527   \n",
       "teo_Xdist             0.008151        0.744639   1.000000   0.118456   \n",
       "teo_Ydist             0.007039        0.720527   0.118456   1.000000   \n",
       "teo_point_vel        -0.590488        0.686981   0.497075   0.499895   \n",
       "Energy                0.991186        0.040676   0.037324   0.043617   \n",
       "avg_energy            0.994176        0.041388   0.042108   0.038519   \n",
       "\n",
