{
 "cells": [
  {
   "cell_type": "code",
   "execution_count": 1,
   "metadata": {},
   "outputs": [],
   "source": [
    "import pandas as pd\n",
    "import numpy as np\n",
    "import matplotlib.pyplot as plt"
   ]
  },
  {
   "cell_type": "markdown",
   "metadata": {},
   "source": [
    "### Paths"
   ]
  },
  {
   "cell_type": "code",
   "execution_count": 2,
   "metadata": {},
   "outputs": [],
   "source": [
    "main_path_energy ='../data_base/paths_energy/'\n",
    "main_path_total_energy = '../data_base/paths_totals/'\n",
    "main_path_turns = \"/home/sebastian/Desktop/\"\n",
    "\n",
    "energy_path11_pd = pd.read_csv(main_path_energy + 'feat_pathv11_TM.csv')\n",
    "energy_path12_pd = pd.read_csv(main_path_energy + 'feat_pathv12_TM.csv')\n",
    "energy_path13_pd = pd.read_csv(main_path_energy + 'feat_pathv13_TM.csv')\n",
    "\n",
    "energy_path_list = [energy_path11_pd,energy_path12_pd,energy_path13_pd]\n",
    "complete_energy_pd = pd.concat(energy_path_list)\n",
    "\n",
    "total_path11_pd = pd.read_csv(main_path_total_energy + 'totalF_pathv11.csv')\n",
    "total_path12_pd = pd.read_csv(main_path_total_energy + 'totalF_pathv12.csv')\n",
    "total_path13_pd = pd.read_csv(main_path_total_energy + 'totalF_pathv13.csv')\n",
    "\n",
    "total_path_list = [total_path11_pd,total_path12_pd,total_path13_pd]\n",
    "complete_total_pd = pd.concat(total_path_list)\n",
    "\n",
    "#We are not going to use the 'turns' feature.\n",
    "# turns_path11_pd = pd.read_csv(main_path_turns + 'distanceTurn_v11.csv')\n",
    "# turns_path12_pd = pd.read_csv(main_path_turns + 'distanceTurn_v12.csv')\n",
    "# turns_path13_pd = pd.read_csv(main_path_turns + 'distanceTurn_v13.csv')\n",
    "\n",
    "# turns_list = [turns_path11_pd,turns_path12_pd,turns_path13_pd]"
   ]
  },
  {
   "cell_type": "code",
   "execution_count": 3,
   "metadata": {},
   "outputs": [
    {
     "name": "stdout",
     "output_type": "stream",
     "text": [
      "Initial shape path_v11, energy = (595, 17), total_energy = (192, 7)\n",
      "Initial shape path_v12, energy = (3902, 17), total_energy = (527, 7)\n",
      "Initial shape path_v13, energy = (178, 17), total_energy = (65, 7)\n",
      "....................,    total = (4675, 17),      total = (784, 7)\n"
     ]
    }
   ],
   "source": [
    "print(f'Initial shape path_v11, energy = {energy_path11_pd.shape}, total_energy = {total_path11_pd.shape}')\n",
    "print(f'Initial shape path_v12, energy = {energy_path12_pd.shape}, total_energy = {total_path12_pd.shape}')\n",
    "print(f'Initial shape path_v13, energy = {energy_path13_pd.shape}, total_energy = {total_path13_pd.shape}')\n",
    "print(f'....................,    total = {complete_energy_pd.shape},      total = {complete_total_pd.shape}')"
   ]
  },
  {
   "cell_type": "code",
   "execution_count": 4,
   "metadata": {},
   "outputs": [],
   "source": [
    "complete_energy_pd.reset_index(inplace=True)\n",
    "complete_total_pd.reset_index(inplace=True)"
   ]
  },
  {
   "cell_type": "markdown",
   "metadata": {},
   "source": [
    "### Data after some adjustment"
   ]
  },
  {
   "cell_type": "code",
   "execution_count": 5,
   "metadata": {},
   "outputs": [
    {
     "data": {
      "text/html": [
       "<div>\n",
       "<style scoped>\n",
       "    .dataframe tbody tr th:only-of-type {\n",
       "        vertical-align: middle;\n",
       "    }\n",
       "\n",
       "    .dataframe tbody tr th {\n",
       "        vertical-align: top;\n",
       "    }\n",
       "\n",
       "    .dataframe thead th {\n",
       "        text-align: right;\n",
       "    }\n",
       "</style>\n",
       "<table border=\"1\" class=\"dataframe\">\n",
       "  <thead>\n",
       "    <tr style=\"text-align: right;\">\n",
       "      <th></th>\n",
       "      <th>index</th>\n",
       "      <th>path_num</th>\n",
       "      <th>missing_points</th>\n",
       "      <th>teo_point_time</th>\n",
       "      <th>sim_drone_time</th>\n",
       "      <th>teo_point_dist</th>\n",
       "      <th>sim_point_dist</th>\n",
       "      <th>teo_Xdist</th>\n",
       "      <th>teo_Ydist</th>\n",
       "      <th>sim_Xdist</th>\n",
       "      <th>sim_Ydist</th>\n",
       "      <th>avg_error_target_dist</th>\n",
       "      <th>teo_point_vel</th>\n",
       "      <th>teo_Xvel</th>\n",
       "      <th>teo_Yvel</th>\n",
       "      <th>avg_tankMass</th>\n",
       "      <th>Energy</th>\n",
       "      <th>avg_energy</th>\n",
       "    </tr>\n",
       "  </thead>\n",
       "  <tbody>\n",
       "    <tr>\n",
       "      <th>0</th>\n",
       "      <td>0</td>\n",
       "      <td>1</td>\n",
       "      <td>3</td>\n",
       "      <td>190</td>\n",
       "      <td>188.400009</td>\n",
       "      <td>14.142136</td>\n",
       "      <td>13.897487</td>\n",
       "      <td>10.0</td>\n",
       "      <td>10.0</td>\n",
       "      <td>9.827389</td>\n",
       "      <td>9.825728</td>\n",
       "      <td>0.086939</td>\n",
       "      <td>0.074432</td>\n",
       "      <td>0.052632</td>\n",
       "      <td>0.052632</td>\n",
       "      <td>7.695402</td>\n",
       "      <td>1.395822e+07</td>\n",
       "      <td>9.347115e+05</td>\n",
       "    </tr>\n",
       "    <tr>\n",
       "      <th>1</th>\n",
       "      <td>1</td>\n",
       "      <td>1</td>\n",
       "      <td>2</td>\n",
       "      <td>233</td>\n",
       "      <td>232.250000</td>\n",
       "      <td>12.727922</td>\n",
       "      <td>12.899505</td>\n",
       "      <td>9.0</td>\n",
       "      <td>9.0</td>\n",
       "      <td>9.113116</td>\n",
       "      <td>9.116838</td>\n",
       "      <td>0.064603</td>\n",
       "      <td>0.054626</td>\n",
       "      <td>0.038627</td>\n",
       "      <td>0.038627</td>\n",
       "      <td>3.188070</td>\n",
       "      <td>1.734801e+07</td>\n",
       "      <td>1.073815e+06</td>\n",
       "    </tr>\n",
       "    <tr>\n",
       "      <th>2</th>\n",
       "      <td>2</td>\n",
       "      <td>2</td>\n",
       "      <td>3</td>\n",
       "      <td>248</td>\n",
       "      <td>258.149994</td>\n",
       "      <td>23.323808</td>\n",
       "      <td>26.085592</td>\n",
       "      <td>20.0</td>\n",
       "      <td>12.0</td>\n",
       "      <td>21.910483</td>\n",
       "      <td>14.002723</td>\n",
       "      <td>0.095716</td>\n",
       "      <td>0.094048</td>\n",
       "      <td>0.080645</td>\n",
       "      <td>0.048387</td>\n",
       "      <td>10.000989</td>\n",
       "      <td>1.747070e+07</td>\n",
       "      <td>1.094058e+06</td>\n",
       "    </tr>\n",
       "    <tr>\n",
       "      <th>3</th>\n",
       "      <td>3</td>\n",
       "      <td>2</td>\n",
       "      <td>2</td>\n",
       "      <td>157</td>\n",
       "      <td>155.999969</td>\n",
       "      <td>8.000000</td>\n",
       "      <td>8.347981</td>\n",
       "      <td>0.0</td>\n",
       "      <td>8.0</td>\n",
       "      <td>1.022886</td>\n",
       "      <td>8.040361</td>\n",
       "      <td>0.065047</td>\n",
       "      <td>0.050955</td>\n",
       "      <td>0.043694</td>\n",
       "      <td>0.026216</td>\n",
       "      <td>10.000989</td>\n",
       "      <td>6.942935e+06</td>\n",
       "      <td>5.826381e+05</td>\n",
       "    </tr>\n",
       "    <tr>\n",
       "      <th>4</th>\n",
       "      <td>4</td>\n",
       "      <td>2</td>\n",
       "      <td>1</td>\n",
       "      <td>236</td>\n",
       "      <td>235.700043</td>\n",
       "      <td>19.235384</td>\n",
       "      <td>19.229592</td>\n",
       "      <td>3.0</td>\n",
       "      <td>19.0</td>\n",
       "      <td>2.982061</td>\n",
       "      <td>18.982881</td>\n",
       "      <td>0.098091</td>\n",
       "      <td>0.081506</td>\n",
       "      <td>0.012712</td>\n",
       "      <td>0.080508</td>\n",
       "      <td>7.396412</td>\n",
       "      <td>1.269154e+07</td>\n",
       "      <td>8.799998e+05</td>\n",
       "    </tr>\n",
       "  </tbody>\n",
       "</table>\n",
       "</div>"
      ],
      "text/plain": [
       "   index  path_num  missing_points  teo_point_time  sim_drone_time  \\\n",
       "0      0         1               3             190      188.400009   \n",
       "1      1         1               2             233      232.250000   \n",
       "2      2         2               3             248      258.149994   \n",
       "3      3         2               2             157      155.999969   \n",
       "4      4         2               1             236      235.700043   \n",
       "\n",
       "   teo_point_dist  sim_point_dist  teo_Xdist  teo_Ydist  sim_Xdist  sim_Ydist  \\\n",
       "0       14.142136       13.897487       10.0       10.0   9.827389   9.825728   \n",
       "1       12.727922       12.899505        9.0        9.0   9.113116   9.116838   \n",
       "2       23.323808       26.085592       20.0       12.0  21.910483  14.002723   \n",
       "3        8.000000        8.347981        0.0        8.0   1.022886   8.040361   \n",
       "4       19.235384       19.229592        3.0       19.0   2.982061  18.982881   \n",
       "\n",
       "   avg_error_target_dist  teo_point_vel  teo_Xvel  teo_Yvel  avg_tankMass  \\\n",
       "0               0.086939       0.074432  0.052632  0.052632      7.695402   \n",
       "1               0.064603       0.054626  0.038627  0.038627      3.188070   \n",
       "2               0.095716       0.094048  0.080645  0.048387     10.000989   \n",
       "3               0.065047       0.050955  0.043694  0.026216     10.000989   \n",
       "4               0.098091       0.081506  0.012712  0.080508      7.396412   \n",
       "\n",
       "         Energy    avg_energy  \n",
       "0  1.395822e+07  9.347115e+05  \n",
       "1  1.734801e+07  1.073815e+06  \n",
       "2  1.747070e+07  1.094058e+06  \n",
       "3  6.942935e+06  5.826381e+05  \n",
       "4  1.269154e+07  8.799998e+05  "
      ]
     },
     "execution_count": 5,
     "metadata": {},
     "output_type": "execute_result"
    }
   ],
   "source": [
    "complete_energy_pd.head()"
   ]
  },
  {
   "cell_type": "code",
   "execution_count": 6,
   "metadata": {},
   "outputs": [
    {
     "name": "stdout",
     "output_type": "stream",
     "text": [
      "new shape of complete_energy_pd = (3957, 18)\n"
     ]
    }
   ],
   "source": [
    "eps = 5\n",
    "complete_energy_pd = complete_energy_pd[(complete_energy_pd['sim_point_dist']-complete_energy_pd['teo_point_dist']) < eps]\n",
    "print(f'new shape of complete_energy_pd = {complete_energy_pd.shape}')"
   ]
  },
  {
   "cell_type": "markdown",
   "metadata": {},
   "source": [
    "### Correlation analysis"
   ]
  },
  {
   "cell_type": "markdown",
   "metadata": {},
   "source": [
    "#### discret_energy_analysis - All data"
   ]
  },
  {
   "cell_type": "code",
   "execution_count": 7,
   "metadata": {},
   "outputs": [
    {
     "data": {
      "text/html": [
       "<div>\n",
       "<style scoped>\n",
       "    .dataframe tbody tr th:only-of-type {\n",
       "        vertical-align: middle;\n",
       "    }\n",
       "\n",
       "    .dataframe tbody tr th {\n",
       "        vertical-align: top;\n",
       "    }\n",
       "\n",
       "    .dataframe thead th {\n",
       "        text-align: right;\n",
       "    }\n",
       "</style>\n",
       "<table border=\"1\" class=\"dataframe\">\n",
       "  <thead>\n",
       "    <tr style=\"text-align: right;\">\n",
       "      <th></th>\n",
       "      <th>teo_point_time</th>\n",
       "      <th>teo_point_dist</th>\n",
       "      <th>teo_Xdist</th>\n",
       "      <th>teo_Ydist</th>\n",
       "      <th>teo_point_vel</th>\n",
       "      <th>teo_Xvel</th>\n",
       "      <th>teo_Yvel</th>\n",
       "      <th>avg_tankMass</th>\n",
       "      <th>Energy</th>\n",
       "      <th>avg_energy</th>\n",
       "    </tr>\n",
       "  </thead>\n",
       "  <tbody>\n",
       "    <tr>\n",
       "      <th>teo_point_time</th>\n",
       "      <td>1.000000</td>\n",
       "      <td>0.391562</td>\n",
       "      <td>0.278360</td>\n",
       "      <td>0.322280</td>\n",
       "      <td>-0.043470</td>\n",
       "      <td>-0.065148</td>\n",
       "      <td>-0.020955</td>\n",
       "      <td>-0.171736</td>\n",
       "      <td>0.772120</td>\n",
       "      <td>0.788712</td>\n",
       "    </tr>\n",
       "    <tr>\n",
       "      <th>teo_point_dist</th>\n",
       "      <td>0.391562</td>\n",
       "      <td>1.000000</td>\n",
       "      <td>0.782674</td>\n",
       "      <td>0.789044</td>\n",
       "      <td>0.850422</td>\n",
       "      <td>0.703255</td>\n",
       "      <td>0.728794</td>\n",
       "      <td>-0.065473</td>\n",
       "      <td>0.416357</td>\n",
       "      <td>0.452685</td>\n",
       "    </tr>\n",
       "    <tr>\n",
       "      <th>teo_Xdist</th>\n",
       "      <td>0.278360</td>\n",
       "      <td>0.782674</td>\n",
       "      <td>1.000000</td>\n",
       "      <td>0.282103</td>\n",
       "      <td>0.689632</td>\n",
       "      <td>0.756220</td>\n",
       "      <td>0.412371</td>\n",
       "      <td>-0.036570</td>\n",
       "      <td>0.302904</td>\n",
       "      <td>0.331119</td>\n",
       "    </tr>\n",
       "    <tr>\n",
       "      <th>teo_Ydist</th>\n",
       "      <td>0.322280</td>\n",
       "      <td>0.789044</td>\n",
       "      <td>0.282103</td>\n",
       "      <td>1.000000</td>\n",
       "      <td>0.655988</td>\n",
       "      <td>0.380414</td>\n",
       "      <td>0.748183</td>\n",
       "      <td>-0.060976</td>\n",
       "      <td>0.346593</td>\n",
       "      <td>0.373403</td>\n",
       "    </tr>\n",
       "    <tr>\n",
       "      <th>teo_point_vel</th>\n",
       "      <td>-0.043470</td>\n",
       "      <td>0.850422</td>\n",
       "      <td>0.689632</td>\n",
       "      <td>0.655988</td>\n",
       "      <td>1.000000</td>\n",
       "      <td>0.850759</td>\n",
       "      <td>0.841559</td>\n",
       "      <td>0.019122</td>\n",
       "      <td>0.075249</td>\n",
       "      <td>0.112644</td>\n",
       "    </tr>\n",
       "    <tr>\n",
       "      <th>teo_Xvel</th>\n",
       "      <td>-0.065148</td>\n",
       "      <td>0.703255</td>\n",
       "      <td>0.756220</td>\n",
       "      <td>0.380414</td>\n",
       "      <td>0.850759</td>\n",
       "      <td>1.000000</td>\n",
       "      <td>0.454846</td>\n",
       "      <td>0.025088</td>\n",
       "      <td>0.038201</td>\n",
       "      <td>0.068767</td>\n",
       "    </tr>\n",
       "    <tr>\n",
       "      <th>teo_Yvel</th>\n",
       "      <td>-0.020955</td>\n",
       "      <td>0.728794</td>\n",
       "      <td>0.412371</td>\n",
       "      <td>0.748183</td>\n",
       "      <td>0.841559</td>\n",
       "      <td>0.454846</td>\n",
       "      <td>1.000000</td>\n",
       "      <td>0.004585</td>\n",
       "      <td>0.081964</td>\n",
       "      <td>0.114628</td>\n",
       "    </tr>\n",
       "    <tr>\n",
       "      <th>avg_tankMass</th>\n",
       "      <td>-0.171736</td>\n",
       "      <td>-0.065473</td>\n",
       "      <td>-0.036570</td>\n",
       "      <td>-0.060976</td>\n",
       "      <td>0.019122</td>\n",
       "      <td>0.025088</td>\n",
       "      <td>0.004585</td>\n",
       "      <td>1.000000</td>\n",
       "      <td>-0.207100</td>\n",
       "      <td>-0.219947</td>\n",
       "    </tr>\n",
       "    <tr>\n",
       "      <th>Energy</th>\n",
       "      <td>0.772120</td>\n",
       "      <td>0.416357</td>\n",
       "      <td>0.302904</td>\n",
       "      <td>0.346593</td>\n",
       "      <td>0.075249</td>\n",
       "      <td>0.038201</td>\n",
       "      <td>0.081964</td>\n",
       "      <td>-0.207100</td>\n",
       "      <td>1.000000</td>\n",
       "      <td>0.984047</td>\n",
       "    </tr>\n",
       "    <tr>\n",
       "      <th>avg_energy</th>\n",
       "      <td>0.788712</td>\n",
       "      <td>0.452685</td>\n",
       "      <td>0.331119</td>\n",
       "      <td>0.373403</td>\n",
       "      <td>0.112644</td>\n",
       "      <td>0.068767</td>\n",
       "      <td>0.114628</td>\n",
       "      <td>-0.219947</td>\n",
       "      <td>0.984047</td>\n",
       "      <td>1.000000</td>\n",
       "    </tr>\n",
       "  </tbody>\n",
       "</table>\n",
       "</div>"
      ],
      "text/plain": [
       "                teo_point_time  teo_point_dist  teo_Xdist  teo_Ydist  \\\n",
       "teo_point_time        1.000000        0.391562   0.278360   0.322280   \n",
       "teo_point_dist        0.391562        1.000000   0.782674   0.789044   \n",
       "teo_Xdist             0.278360        0.782674   1.000000   0.282103   \n",
       "teo_Ydist             0.322280        0.789044   0.282103   1.000000   \n",
       "teo_point_vel        -0.043470        0.850422   0.689632   0.655988   \n",
       "teo_Xvel             -0.065148        0.703255   0.756220   0.380414   \n",
       "teo_Yvel             -0.020955        0.728794   0.412371   0.748183   \n",
       "avg_tankMass         -0.171736       -0.065473  -0.036570  -0.060976   \n",
       "Energy                0.772120        0.416357   0.302904   0.346593   \n",
       "avg_energy            0.788712        0.452685   0.331119   0.373403   \n",
       "\n",
       "                teo_point_vel  teo_Xvel  teo_Yvel  avg_tankMass    Energy  \\\n",
       "teo_point_time      -0.043470 -0.065148 -0.020955     -0.171736  0.772120   \n",
       "teo_point_dist       0.850422  0.703255  0.728794     -0.065473  0.416357   \n",
       "teo_Xdist            0.689632  0.756220  0.412371     -0.036570  0.302904   \n",
       "teo_Ydist            0.655988  0.380414  0.748183     -0.060976  0.346593   \n",
       "teo_point_vel        1.000000  0.850759  0.841559      0.019122  0.075249   \n",
       "teo_Xvel             0.850759  1.000000  0.454846      0.025088  0.038201   \n",
       "teo_Yvel             0.841559  0.454846  1.000000      0.004585  0.081964   \n",
       "avg_tankMass         0.019122  0.025088  0.004585      1.000000 -0.207100   \n",
       "Energy               0.075249  0.038201  0.081964     -0.207100  1.000000   \n",
       "avg_energy           0.112644  0.068767  0.114628     -0.219947  0.984047   \n",
       "\n",
       "                avg_energy  \n",
       "teo_point_time    0.788712  \n",
       "teo_point_dist    0.452685  \n",
       "teo_Xdist         0.331119  \n",
       "teo_Ydist         0.373403  \n",
       "teo_point_vel     0.112644  \n",
       "teo_Xvel          0.068767  \n",
       "teo_Yvel          0.114628  \n",
       "avg_tankMass     -0.219947  \n",
       "Energy            0.984047  \n",
       "avg_energy        1.000000  "
      ]
     },
     "execution_count": 7,
     "metadata": {},
     "output_type": "execute_result"
    }
   ],
   "source": [
    "complete_energy_analysis = complete_energy_pd.drop(columns=[\"index\",\"missing_points\",\"path_num\",\"sim_drone_time\",\"sim_point_dist\",\"sim_Xdist\",\"sim_Ydist\",\"avg_error_target_dist\"],axis=1)\n",
    "complete_energy_analysis.corr()"
   ]
  },
  {
   "cell_type": "markdown",
   "metadata": {},
   "source": [
    "#### Discrete energy analysis - path v11"
   ]
  },
  {
   "cell_type": "code",
   "execution_count": 8,
   "metadata": {},
   "outputs": [
    {
     "data": {
      "text/html": [
       "<div>\n",
       "<style scoped>\n",
       "    .dataframe tbody tr th:only-of-type {\n",
       "        vertical-align: middle;\n",
       "    }\n",
       "\n",
       "    .dataframe tbody tr th {\n",
       "        vertical-align: top;\n",
       "    }\n",
       "\n",
       "    .dataframe thead th {\n",
       "        text-align: right;\n",
       "    }\n",
       "</style>\n",
       "<table border=\"1\" class=\"dataframe\">\n",
       "  <thead>\n",
       "    <tr style=\"text-align: right;\">\n",
       "      <th></th>\n",
       "      <th>teo_point_time</th>\n",
       "      <th>teo_point_dist</th>\n",
       "      <th>teo_Xdist</th>\n",
       "      <th>teo_Ydist</th>\n",
       "      <th>teo_point_vel</th>\n",
       "      <th>teo_Xvel</th>\n",
       "      <th>teo_Yvel</th>\n",
       "      <th>avg_tankMass</th>\n",
       "      <th>Energy</th>\n",
       "      <th>avg_energy</th>\n",
       "    </tr>\n",
       "  </thead>\n",
       "  <tbody>\n",
       "    <tr>\n",
       "      <th>teo_point_time</th>\n",
       "      <td>1.000000</td>\n",
       "      <td>-0.007832</td>\n",
       "      <td>-0.001727</td>\n",
       "      <td>-0.000088</td>\n",
       "      <td>-0.415365</td>\n",
       "      <td>-0.313027</td>\n",
       "      <td>-0.356182</td>\n",
       "      <td>0.040706</td>\n",
       "      <td>0.580405</td>\n",
       "      <td>0.618609</td>\n",
       "    </tr>\n",
       "    <tr>\n",
       "      <th>teo_point_dist</th>\n",
       "      <td>-0.007832</td>\n",
       "      <td>1.000000</td>\n",
       "      <td>0.736444</td>\n",
       "      <td>0.759639</td>\n",
       "      <td>0.876602</td>\n",
       "      <td>0.698824</td>\n",
       "      <td>0.717927</td>\n",
       "      <td>0.072073</td>\n",
       "      <td>0.106441</td>\n",
       "      <td>0.122168</td>\n",
       "    </tr>\n",
       "    <tr>\n",
       "      <th>teo_Xdist</th>\n",
       "      <td>-0.001727</td>\n",
       "      <td>0.736444</td>\n",
       "      <td>1.000000</td>\n",
       "      <td>0.172452</td>\n",
       "      <td>0.651941</td>\n",
       "      <td>0.813988</td>\n",
       "      <td>0.275666</td>\n",
       "      <td>0.063083</td>\n",
       "      <td>0.081900</td>\n",
       "      <td>0.090602</td>\n",
       "    </tr>\n",
       "    <tr>\n",
       "      <th>teo_Ydist</th>\n",
       "      <td>-0.000088</td>\n",
       "      <td>0.759639</td>\n",
       "      <td>0.172452</td>\n",
       "      <td>1.000000</td>\n",
       "      <td>0.657315</td>\n",
       "      <td>0.285286</td>\n",
       "      <td>0.806374</td>\n",
       "      <td>0.040671</td>\n",
       "      <td>0.097260</td>\n",
       "      <td>0.112769</td>\n",
       "    </tr>\n",
       "    <tr>\n",
       "      <th>teo_point_vel</th>\n",
       "      <td>-0.415365</td>\n",
       "      <td>0.876602</td>\n",
       "      <td>0.651941</td>\n",
       "      <td>0.657315</td>\n",
       "      <td>1.000000</td>\n",
       "      <td>0.791529</td>\n",
       "      <td>0.823780</td>\n",
       "      <td>0.049964</td>\n",
       "      <td>-0.152056</td>\n",
       "      <td>-0.155058</td>\n",
       "    </tr>\n",
       "    <tr>\n",
       "      <th>teo_Xvel</th>\n",
       "      <td>-0.313027</td>\n",
       "      <td>0.698824</td>\n",
       "      <td>0.813988</td>\n",
       "      <td>0.285286</td>\n",
       "      <td>0.791529</td>\n",
       "      <td>1.000000</td>\n",
       "      <td>0.343291</td>\n",
       "      <td>0.041974</td>\n",
       "      <td>-0.114551</td>\n",
       "      <td>-0.117647</td>\n",
       "    </tr>\n",
       "    <tr>\n",
       "      <th>teo_Yvel</th>\n",
       "      <td>-0.356182</td>\n",
       "      <td>0.717927</td>\n",
       "      <td>0.275666</td>\n",
       "      <td>0.806374</td>\n",
       "      <td>0.823780</td>\n",
       "      <td>0.343291</td>\n",
       "      <td>1.000000</td>\n",
       "      <td>0.020915</td>\n",
       "      <td>-0.125472</td>\n",
       "      <td>-0.126903</td>\n",
       "    </tr>\n",
       "    <tr>\n",
       "      <th>avg_tankMass</th>\n",
       "      <td>0.040706</td>\n",
       "      <td>0.072073</td>\n",
       "      <td>0.063083</td>\n",
       "      <td>0.040671</td>\n",
       "      <td>0.049964</td>\n",
       "      <td>0.041974</td>\n",
       "      <td>0.020915</td>\n",
       "      <td>1.000000</td>\n",
       "      <td>-0.008212</td>\n",
       "      <td>0.003056</td>\n",
       "    </tr>\n",
       "    <tr>\n",
       "      <th>Energy</th>\n",
       "      <td>0.580405</td>\n",
       "      <td>0.106441</td>\n",
       "      <td>0.081900</td>\n",
       "      <td>0.097260</td>\n",
       "      <td>-0.152056</td>\n",
       "      <td>-0.114551</td>\n",
       "      <td>-0.125472</td>\n",
       "      <td>-0.008212</td>\n",
       "      <td>1.000000</td>\n",
       "      <td>0.993197</td>\n",
       "    </tr>\n",
       "    <tr>\n",
       "      <th>avg_energy</th>\n",
       "      <td>0.618609</td>\n",
       "      <td>0.122168</td>\n",
       "      <td>0.090602</td>\n",
       "      <td>0.112769</td>\n",
       "      <td>-0.155058</td>\n",
       "      <td>-0.117647</td>\n",
       "      <td>-0.126903</td>\n",
       "      <td>0.003056</td>\n",
       "      <td>0.993197</td>\n",
       "      <td>1.000000</td>\n",
       "    </tr>\n",
       "  </tbody>\n",
       "</table>\n",
       "</div>"
      ],
      "text/plain": [
       "                teo_point_time  teo_point_dist  teo_Xdist  teo_Ydist  \\\n",
       "teo_point_time        1.000000       -0.007832  -0.001727  -0.000088   \n",
       "teo_point_dist       -0.007832        1.000000   0.736444   0.759639   \n",
       "teo_Xdist            -0.001727        0.736444   1.000000   0.172452   \n",
       "teo_Ydist            -0.000088        0.759639   0.172452   1.000000   \n",
       "teo_point_vel        -0.415365        0.876602   0.651941   0.657315   \n",
       "teo_Xvel             -0.313027        0.698824   0.813988   0.285286   \n",
       "teo_Yvel             -0.356182        0.717927   0.275666   0.806374   \n",
       "avg_tankMass          0.040706        0.072073   0.063083   0.040671   \n",
       "Energy                0.580405        0.106441   0.081900   0.097260   \n",
       "avg_energy            0.618609        0.122168   0.090602   0.112769   \n",
       "\n",
       "                teo_point_vel  teo_Xvel  teo_Yvel  avg_tankMass    Energy  \\\n",
       "teo_point_time      -0.415365 -0.313027 -0.356182      0.040706  0.580405   \n",
       "teo_point_dist       0.876602  0.698824  0.717927      0.072073  0.106441   \n",
       "teo_Xdist            0.651941  0.813988  0.275666      0.063083  0.081900   \n",
       "teo_Ydist            0.657315  0.285286  0.806374      0.040671  0.097260   \n",
       "teo_point_vel        1.000000  0.791529  0.823780      0.049964 -0.152056   \n",
       "teo_Xvel             0.791529  1.000000  0.343291      0.041974 -0.114551   \n",
       "teo_Yvel             0.823780  0.343291  1.000000      0.020915 -0.125472   \n",
       "avg_tankMass         0.049964  0.041974  0.020915      1.000000 -0.008212   \n",
       "Energy              -0.152056 -0.114551 -0.125472     -0.008212  1.000000   \n",
       "avg_energy          -0.155058 -0.117647 -0.126903      0.003056  0.993197   \n",
       "\n",
       "                avg_energy  \n",
       "teo_point_time    0.618609  \n",
       "teo_point_dist    0.122168  \n",
       "teo_Xdist         0.090602  \n",
       "teo_Ydist         0.112769  \n",
       "teo_point_vel    -0.155058  \n",
       "teo_Xvel         -0.117647  \n",
       "teo_Yvel         -0.126903  \n",
       "avg_tankMass      0.003056  \n",
       "Energy            0.993197  \n",
       "avg_energy        1.000000  "
      ]
     },
     "execution_count": 8,
     "metadata": {},
     "output_type": "execute_result"
    }
   ],
   "source": [
    "energy_path11_analysis = energy_path11_pd.drop(columns=[\"missing_points\",\"path_num\",\"sim_drone_time\",\"sim_point_dist\",\"sim_Xdist\",\"sim_Ydist\",\"avg_error_target_dist\"],axis=1)\n",
    "energy_path11_analysis.corr()"
   ]
  },
  {
   "cell_type": "code",
   "execution_count": 9,
   "metadata": {},
   "outputs": [
    {
     "data": {
      "text/html": [
       "<div>\n",
       "<style scoped>\n",
       "    .dataframe tbody tr th:only-of-type {\n",
       "        vertical-align: middle;\n",
       "    }\n",
       "\n",
       "    .dataframe tbody tr th {\n",
       "        vertical-align: top;\n",
       "    }\n",
       "\n",
       "    .dataframe thead th {\n",
       "        text-align: right;\n",
       "    }\n",
       "</style>\n",
       "<table border=\"1\" class=\"dataframe\">\n",
       "  <thead>\n",
       "    <tr style=\"text-align: right;\">\n",
       "      <th></th>\n",
       "      <th>teo_point_time</th>\n",
       "      <th>teo_point_dist</th>\n",
       "      <th>teo_Xdist</th>\n",
       "      <th>teo_Ydist</th>\n",
       "      <th>teo_point_vel</th>\n",
       "      <th>teo_Xvel</th>\n",
       "      <th>teo_Yvel</th>\n",
       "      <th>avg_tankMass</th>\n",
       "      <th>Energy</th>\n",
       "      <th>avg_energy</th>\n",
       "    </tr>\n",
       "  </thead>\n",
       "  <tbody>\n",
       "    <tr>\n",
       "      <th>teo_point_time</th>\n",
       "      <td>1.000000</td>\n",
       "      <td>-0.024612</td>\n",
       "      <td>-0.043691</td>\n",
       "      <td>0.015328</td>\n",
       "      <td>-0.404160</td>\n",
       "      <td>-0.343153</td>\n",
       "      <td>-0.337333</td>\n",
       "      <td>0.049750</td>\n",
       "      <td>0.582497</td>\n",
       "      <td>0.627835</td>\n",
       "    </tr>\n",
       "    <tr>\n",
       "      <th>teo_point_dist</th>\n",
       "      <td>-0.024612</td>\n",
       "      <td>1.000000</td>\n",
       "      <td>0.713956</td>\n",
       "      <td>0.751460</td>\n",
       "      <td>0.890462</td>\n",
       "      <td>0.704020</td>\n",
       "      <td>0.756134</td>\n",
       "      <td>-0.008155</td>\n",
       "      <td>0.101830</td>\n",
       "      <td>0.109022</td>\n",
       "    </tr>\n",
       "    <tr>\n",
       "      <th>teo_Xdist</th>\n",
       "      <td>-0.043691</td>\n",
       "      <td>0.713956</td>\n",
       "      <td>1.000000</td>\n",
       "      <td>0.130464</td>\n",
       "      <td>0.660920</td>\n",
       "      <td>0.751186</td>\n",
       "      <td>0.352092</td>\n",
       "      <td>0.001469</td>\n",
       "      <td>0.066679</td>\n",
       "      <td>0.066407</td>\n",
       "    </tr>\n",
       "    <tr>\n",
       "      <th>teo_Ydist</th>\n",
       "      <td>0.015328</td>\n",
       "      <td>0.751460</td>\n",
       "      <td>0.130464</td>\n",
       "      <td>1.000000</td>\n",
       "      <td>0.643685</td>\n",
       "      <td>0.336263</td>\n",
       "      <td>0.749570</td>\n",
       "      <td>-0.022525</td>\n",
       "      <td>0.107651</td>\n",
       "      <td>0.117928</td>\n",
       "    </tr>\n",
       "    <tr>\n",
       "      <th>teo_point_vel</th>\n",
       "      <td>-0.404160</td>\n",
       "      <td>0.890462</td>\n",
       "      <td>0.660920</td>\n",
       "      <td>0.643685</td>\n",
       "      <td>1.000000</td>\n",
       "      <td>0.804479</td>\n",
       "      <td>0.843836</td>\n",
       "      <td>-0.025999</td>\n",
       "      <td>-0.145541</td>\n",
       "      <td>-0.156638</td>\n",
       "    </tr>\n",
       "    <tr>\n",
       "      <th>teo_Xvel</th>\n",
       "      <td>-0.343153</td>\n",
       "      <td>0.704020</td>\n",
       "      <td>0.751186</td>\n",
       "      <td>0.336263</td>\n",
       "      <td>0.804479</td>\n",
       "      <td>1.000000</td>\n",
       "      <td>0.391596</td>\n",
       "      <td>-0.015462</td>\n",
       "      <td>-0.124229</td>\n",
       "      <td>-0.134689</td>\n",
       "    </tr>\n",
       "    <tr>\n",
       "      <th>teo_Yvel</th>\n",
       "      <td>-0.337333</td>\n",
       "      <td>0.756134</td>\n",
       "      <td>0.352092</td>\n",
       "      <td>0.749570</td>\n",
       "      <td>0.843836</td>\n",
       "      <td>0.391596</td>\n",
       "      <td>1.000000</td>\n",
       "      <td>-0.039978</td>\n",
       "      <td>-0.116033</td>\n",
       "      <td>-0.124893</td>\n",
       "    </tr>\n",
       "    <tr>\n",
       "      <th>avg_tankMass</th>\n",
       "      <td>0.049750</td>\n",
       "      <td>-0.008155</td>\n",
       "      <td>0.001469</td>\n",
       "      <td>-0.022525</td>\n",
       "      <td>-0.025999</td>\n",
       "      <td>-0.015462</td>\n",
       "      <td>-0.039978</td>\n",
       "      <td>1.000000</td>\n",
       "      <td>-0.030534</td>\n",
       "      <td>-0.022522</td>\n",
       "    </tr>\n",
       "    <tr>\n",
       "      <th>Energy</th>\n",
       "      <td>0.582497</td>\n",
       "      <td>0.101830</td>\n",
       "      <td>0.066679</td>\n",
       "      <td>0.107651</td>\n",
       "      <td>-0.145541</td>\n",
       "      <td>-0.124229</td>\n",
       "      <td>-0.116033</td>\n",
       "      <td>-0.030534</td>\n",
       "      <td>1.000000</td>\n",
       "      <td>0.993119</td>\n",
       "    </tr>\n",
       "    <tr>\n",
       "      <th>avg_energy</th>\n",
       "      <td>0.627835</td>\n",
       "      <td>0.109022</td>\n",
       "      <td>0.066407</td>\n",
       "      <td>0.117928</td>\n",
       "      <td>-0.156638</td>\n",
       "      <td>-0.134689</td>\n",
       "      <td>-0.124893</td>\n",
       "      <td>-0.022522</td>\n",
       "      <td>0.993119</td>\n",
       "      <td>1.000000</td>\n",
       "    </tr>\n",
       "  </tbody>\n",
       "</table>\n",
       "</div>"
      ],
      "text/plain": [
       "                teo_point_time  teo_point_dist  teo_Xdist  teo_Ydist  \\\n",
       "teo_point_time        1.000000       -0.024612  -0.043691   0.015328   \n",
       "teo_point_dist       -0.024612        1.000000   0.713956   0.751460   \n",
       "teo_Xdist            -0.043691        0.713956   1.000000   0.130464   \n",
       "teo_Ydist             0.015328        0.751460   0.130464   1.000000   \n",
       "teo_point_vel        -0.404160        0.890462   0.660920   0.643685   \n",
       "teo_Xvel             -0.343153        0.704020   0.751186   0.336263   \n",
       "teo_Yvel             -0.337333        0.756134   0.352092   0.749570   \n",
       "avg_tankMass          0.049750       -0.008155   0.001469  -0.022525   \n",
       "Energy                0.582497        0.101830   0.066679   0.107651   \n",
       "avg_energy            0.627835        0.109022   0.066407   0.117928   \n",
       "\n",
       "                teo_point_vel  teo_Xvel  teo_Yvel  avg_tankMass    Energy  \\\n",
       "teo_point_time      -0.404160 -0.343153 -0.337333      0.049750  0.582497   \n",
       "teo_point_dist       0.890462  0.704020  0.756134     -0.008155  0.101830   \n",
       "teo_Xdist            0.660920  0.751186  0.352092      0.001469  0.066679   \n",
       "teo_Ydist            0.643685  0.336263  0.749570     -0.022525  0.107651   \n",
       "teo_point_vel        1.000000  0.804479  0.843836     -0.025999 -0.145541   \n",
       "teo_Xvel             0.804479  1.000000  0.391596     -0.015462 -0.124229   \n",
       "teo_Yvel             0.843836  0.391596  1.000000     -0.039978 -0.116033   \n",
       "avg_tankMass        -0.025999 -0.015462 -0.039978      1.000000 -0.030534   \n",
       "Energy              -0.145541 -0.124229 -0.116033     -0.030534  1.000000   \n",
       "avg_energy          -0.156638 -0.134689 -0.124893     -0.022522  0.993119   \n",
       "\n",
       "                avg_energy  \n",
       "teo_point_time    0.627835  \n",
       "teo_point_dist    0.109022  \n",
       "teo_Xdist         0.066407  \n",
       "teo_Ydist         0.117928  \n",
       "teo_point_vel    -0.156638  \n",
       "teo_Xvel         -0.134689  \n",
       "teo_Yvel         -0.124893  \n",
       "avg_tankMass     -0.022522  \n",
       "Energy            0.993119  \n",
       "avg_energy        1.000000  "
      ]
     },
     "execution_count": 9,
     "metadata": {},
     "output_type": "execute_result"
    }
   ],
   "source": [
    "energy_path11_analysis = energy_path11_pd[(energy_path11_pd['sim_point_dist']-energy_path11_pd['teo_point_dist']) < eps]\n",
    "energy_path11_analysis = energy_path11_analysis.drop(columns=[\"missing_points\",\"path_num\",\"sim_drone_time\",\"sim_point_dist\",\"sim_Xdist\",\"sim_Ydist\",\"avg_error_target_dist\"],axis=1)\n",
    "energy_path11_analysis.corr()"
   ]
  },
  {
   "cell_type": "markdown",
   "metadata": {},
   "source": [
    "#### Discrete energy analysis - path v12"
   ]
  },
  {
   "cell_type": "code",
   "execution_count": 10,
   "metadata": {},
   "outputs": [
    {
     "data": {
      "text/html": [
       "<div>\n",
       "<style scoped>\n",
       "    .dataframe tbody tr th:only-of-type {\n",
       "        vertical-align: middle;\n",
       "    }\n",
       "\n",
       "    .dataframe tbody tr th {\n",
       "        vertical-align: top;\n",
       "    }\n",
       "\n",
       "    .dataframe thead th {\n",
       "        text-align: right;\n",
       "    }\n",
       "</style>\n",
       "<table border=\"1\" class=\"dataframe\">\n",
       "  <thead>\n",
       "    <tr style=\"text-align: right;\">\n",
       "      <th></th>\n",
       "      <th>teo_point_time</th>\n",
       "      <th>teo_point_dist</th>\n",
       "      <th>teo_Xdist</th>\n",
       "      <th>teo_Ydist</th>\n",
       "      <th>teo_point_vel</th>\n",
       "      <th>teo_Xvel</th>\n",
       "      <th>teo_Yvel</th>\n",
       "      <th>avg_tankMass</th>\n",
       "      <th>Energy</th>\n",
       "      <th>avg_energy</th>\n",
       "    </tr>\n",
       "  </thead>\n",
       "  <tbody>\n",
       "    <tr>\n",
       "      <th>teo_point_time</th>\n",
       "      <td>1.000000</td>\n",
       "      <td>-0.023230</td>\n",
       "      <td>-0.001498</td>\n",
       "      <td>-0.035298</td>\n",
       "      <td>-0.179346</td>\n",
       "      <td>-0.150512</td>\n",
       "      <td>-0.158069</td>\n",
       "      <td>-0.032313</td>\n",
       "      <td>0.329453</td>\n",
       "      <td>0.331891</td>\n",
       "    </tr>\n",
       "    <tr>\n",
       "      <th>teo_point_dist</th>\n",
       "      <td>-0.023230</td>\n",
       "      <td>1.000000</td>\n",
       "      <td>0.775958</td>\n",
       "      <td>0.768483</td>\n",
       "      <td>0.982318</td>\n",
       "      <td>0.832320</td>\n",
       "      <td>0.824496</td>\n",
       "      <td>0.069530</td>\n",
       "      <td>0.284511</td>\n",
       "      <td>0.321427</td>\n",
       "    </tr>\n",
       "    <tr>\n",
       "      <th>teo_Xdist</th>\n",
       "      <td>-0.001498</td>\n",
       "      <td>0.775958</td>\n",
       "      <td>1.000000</td>\n",
       "      <td>0.240645</td>\n",
       "      <td>0.758894</td>\n",
       "      <td>0.873647</td>\n",
       "      <td>0.424637</td>\n",
       "      <td>0.059271</td>\n",
       "      <td>0.219159</td>\n",
       "      <td>0.248111</td>\n",
       "    </tr>\n",
       "    <tr>\n",
       "      <th>teo_Ydist</th>\n",
       "      <td>-0.035298</td>\n",
       "      <td>0.768483</td>\n",
       "      <td>0.240645</td>\n",
       "      <td>1.000000</td>\n",
       "      <td>0.759299</td>\n",
       "      <td>0.429665</td>\n",
       "      <td>0.868568</td>\n",
       "      <td>0.049511</td>\n",
       "      <td>0.214013</td>\n",
       "      <td>0.242810</td>\n",
       "    </tr>\n",
       "    <tr>\n",
       "      <th>teo_point_vel</th>\n",
       "      <td>-0.179346</td>\n",
       "      <td>0.982318</td>\n",
       "      <td>0.758894</td>\n",
       "      <td>0.759299</td>\n",
       "      <td>1.000000</td>\n",
       "      <td>0.846334</td>\n",
       "      <td>0.841986</td>\n",
       "      <td>0.072684</td>\n",
       "      <td>0.223770</td>\n",
       "      <td>0.261208</td>\n",
       "    </tr>\n",
       "    <tr>\n",
